function [Fx,Fz,Fy]=NG(dx,dz,dy)
%本公式计算反馈力分量Fz
%作者：罗族==================
%时间：2016-11-30=============
C1=0.000820000000001228;K1=-14.5441;%Gz
C2=0.000476190443162377;K2=-2.82928571424066;%Gx
Fz=(dz-C1)/K1;
Fx=(dx-C2)/K2;
Fy=(dy-C2)/K2;
end